perf2D small
Radius	DirectM	BoxM	DirectS	BoxS	
1	0.00507	0.00792	0.00824	0.0118	
2	0.0121	0.00788	0.016	0.0127	
3	0.0254	0.008	0.0303	0.0126	
4	0.0452	0.0081	0.0522	0.0128	
5	0.0721	0.00822	0.0817	0.0129	
6	0.108	0.00853	0.12	0.0132	
7	0.154	0.0083	0.169	0.0131	
8	0.212	0.00857	0.231	0.0133	
9	0.282	0.00864	0.305	0.0133	
10	0.365	0.00876	0.393	0.0135	
15	1.03	0.00927	1.09	0.0141	
20	2.23	0.00975	2.33	0.0146	
25	4.11	0.0103	4.27	0.0153	
perf2D large
Radius	DirectM	BoxM	DirectS	BoxS	
1	0.557	0.916	0.858	1.45	
2	1.15	0.924	1.64	1.56	
3	2.08	0.932	2.74	1.56	
4	3.47	0.92	4.34	1.55	
5	5.13	0.935	6.34	1.55	
6	7.06	1.08	8.53	1.62	
7	9.42	1.08	11.3	1.63	
8	12.2	0.922	14.5	1.63	
9	15.3	0.924	18	1.63	
10	18.9	0.925	22.1	1.63	
15	43.3	0.929	50.2	1.64	
20	80.1	0.936	91.8	1.64	
25	131	0.939	149	1.64	
perf3D
Radius  DirectM BoxM    DirectS BoxS
1 1.45  1.33  1.78  1.81
2 9.55  1.41  10.3  1.87
3 34.7  1.5 36.4  1.95
4 89.7  1.55  91.8  1.95
perf_threads small
#nb	DirectM	BoxM	Acc	Mean	DirectS	BoxS	
1	0.025	0.00795	0.00541	0.00284	0.0302	0.0129	
2	0.0143	0.00578	0.00534	0.00256	0.0171	0.00907	
3	0.0102	0.00614	0.0052	0.00227	0.0125	0.00794	
4	0.0125	0.00595	0.00518	0.00251	0.0149	0.00773	
5	0.0111	0.00534	0.00521	0.00219	0.0128	0.00803	
6	0.0102	0.00503	0.0052	0.00264	0.0121	0.00797	
7	0.00906	0.005	0.00532	0.0021	0.0112	0.00777	
8	0.00982	0.00445	0.00524	0.00222	0.0121	0.00802	
9	0.00959	0.00513	0.00534	0.00205	0.0115	0.00775	
10	0.00953	0.00521	0.00531	0.00213	0.0115	0.00814	
perf_threads large
#nb	DirectM	BoxM	Acc	Mean	DirectS	BoxS	
1	2.1	0.942	0.577	0.308	2.75	1.57	
2	1.06	0.466	0.573	0.154	1.38	0.805	
3	0.716	0.391	0.585	0.11	0.932	0.551	
4	0.538	0.335	0.595	0.0892	0.846	0.453	
5	0.659	0.327	0.578	0.106	0.902	0.525	
6	0.616	0.298	0.575	0.1	0.728	0.47	
7	0.579	0.285	0.574	0.102	0.758	0.466	
8	0.558	0.27	0.574	0.0905	0.729	0.473	
9	0.614	0.289	0.574	0.104	0.771	0.467	
10	0.578	0.281	0.574	0.0949	0.732	0.476	
