perfMeanB
radius 	std 	MW 	Sep std	Sep MW
1	0.00355	0.00498	0.00487	0.00668
2	0.00642	0.00706	0.0054	0.00679
3	0.0127	0.00761	0.00861	0.00756
5	0.0259	0.00936	0.00803	0.00749
10	0.121	0.0162	0.0129	0.00765
15	0.35	0.0224	0.0206	0.00755
20	0.771	0.0252	0.0278	0.0076
40	5.59	0.059	0.0699	0.00871
perfMedian
radius 	  Traditional time 	 Huang time
1	0.00674	0.00758
5	0.0422	0.0186
10	0.167	0.0265
15	0.443	0.0342
20	0.922	0.043
40	6.18	0.061
perfMedianB
radius 	  Traditional time 	 Separable time 	 separable median
1	0.00642	0.0093	0.0071
5	0.0448	0.00913	0.0153
10	0.177	0.00895	0.0291
15	0.445	0.00876	0.0362
20	0.93	0.00925	0.0444
40	6.21	0.00936	0.0899
perfMedianInt
radius 	  Traditional time 	 Huang time
1	0.0064	0.0171
5	0.0392	0.0359
10	0.165	0.0557
15	0.435	0.072
20	0.909	0.093
40	6.13	0.151
perfMedianIntB
radius 	  Traditional time 	 Separable time
1	0.00636	0.0204
5	0.0412	0.0218
10	0.164	0.0216
15	0.435	0.0225
20	0.907	0.0225
40	6.13	0.0246
perfMedianShort
radius 	  Traditional time 	 Huang time
1	0.00623	0.0168
5	0.0421	0.0352
10	0.162	0.0531
15	0.428	0.0679
20	0.902	0.0869
40	6.07	0.149
perfMedianShortB
radius 	  Traditional time 	 Separable time
1	0.0106	0.0198
5	0.0397	0.0217
10	0.161	0.0216
15	0.428	0.0223
20	0.902	0.0222
40	6.08	0.0259
